0722437782
0170664271
0461571562
0373703325
0842486039
0361046179
0701814631
0231621017
0399323870
0931788016
0847742646
0634803643
0993593315
0165964696
1063850101
0762534157
0782941652
0800879612
0360093612
0757716172
0200854659
0436302464
0124017628
0117949171
0233834924
0785844059
0252214686
0564962924
0785383447
0038142360
0595351510
0248958455
0735541236
0168474622
0974506558
0601474395
0625702097
0488661295
1071476573
0349107561
0632696405
0886844169
0590968640
0483491684
0073184021
0748178426
0684904075
0102465543
0546723733
0420302183
0602879144
1022911040
0673963543
0556875946
0363801854
0316077720
0864246327
0925573994
0983188791
0287170263
1073661810
0745081877
0234913514
0068927782
0998834070
0410980362
1048821099
0107766794
1062805684
0905630818
